world: Creative
x: 240.5
y: 68.0
z: 16.5
yaw: 178.04893
pitch: 4.950072
name: creative
lastowner: 58bf76a6-8be5-4be1-9729-e640d75746d3
