world: dropper
x: -661.6389078308501
y: 252.0
z: -745.5069889373033
yaw: -90.00011
pitch: -0.15016253
name: dropper
lastowner: 58bf76a6-8be5-4be1-9729-e640d75746d3
