world: dropper
x: 212.64454797985655
y: 2.0
z: 7.796791850984594
yaw: -85.77333
pitch: 4.0499973
name: dropperselect
lastowner: 58bf76a6-8be5-4be1-9729-e640d75746d3
