world: FoxBoiz
x: 493.55176344364884
y: 70.0
z: 372.9061233470428
yaw: -337.05414
pitch: 12.750001
name: foxboiz
lastowner: 58bf76a6-8be5-4be1-9729-e640d75746d3
