world: world
x: 260.5
y: 75.0
z: 260.5
yaw: 88.50009
pitch: -1.3500127
name: survival
lastowner: 58bf76a6-8be5-4be1-9729-e640d75746d3
