lastAccountName: dylaneagle74
timestamps:
  login: 1562115283127
  lastteleport: 1562112574514
  logout: 1562111942371
ipAddress: 107.198.111.167
lastlocation:
  world: FoxBoiz
  x: 569.879784828233
  y: 124.66885385989012
  z: 642.7684579741863
  yaw: 95.36875
  pitch: 13.406317
logoutlocation:
  world: creative
  x: 241.93040493465188
  y: 70.33319999363422
  z: 18.049631047879707
  yaw: 37.832275
  pitch: -0.14873172
