lastAccountName: dylaneagle74
timestamps:
  login: 1562090205735
  lastteleport: 1562091232616
  logout: 1562091341830
ipAddress: 107.198.111.167
lastlocation:
  world: world
  x: 28.259440264298608
  y: 64.0
  z: -67.91388928874831
  yaw: 200.72481
  pitch: -0.011196202
logoutlocation:
  world: dropper
  x: 218.97979108466262
  y: 2.0
  z: 9.062594651134873
  yaw: 189.08966
  pitch: -11.3514385
