lastAccountName: CarnivorousKitty
timestamps:
  login: 1562111782561
  logout: 1562111902083
  lastteleport: 1562111832263
ipAddress: 74.139.225.81
logoutlocation:
  world: creative
  x: 241.51300852108315
  y: 64.08534952203922
  z: 8.818294208685819
  yaw: 215.70845
  pitch: 15.448423
lastlocation:
  world: world
  x: 26.737911130110174
  y: 64.0
  z: -68.68361737919501
  yaw: -190.12132
  pitch: 4.418134
