lastAccountName: Lonely_Fox
timestamps:
  login: 1562120839258
  lastteleport: 1562123153098
  logout: 1562124204327
ipAddress: 74.134.230.181
lastlocation:
  world: creative
  x: 240.63363322742467
  y: 69.0
  z: 19.545366832063568
  yaw: -287.2339
  pitch: 10.96834
logoutlocation:
  world: creative
  x: 95.05117977132178
  y: 30.867997597680837
  z: 15.1530021613363
  yaw: -284.05396
  pitch: -36.99346
