lastAccountName: Lonely_Fox
timestamps:
  login: 1562116811525
  lastteleport: 1562112572936
  logout: 1562114634573
ipAddress: 74.134.230.181
lastlocation:
  world: FoxBoiz
  x: 327.5523094356456
  y: 72.86753695604686
  z: 87.39990815549616
  yaw: -11.95587
  pitch: 17.857145
logoutlocation:
  world: FoxBoiz
  x: 180.14951529915595
  y: 88.61109083385982
  z: -70.27296656839057
  yaw: -263.67963
  pitch: 33.995323
