lastAccountName: Lonely_Fox
timestamps:
  login: 1562093033240
  lastteleport: 1562093083954
  logout: 1562093221952
ipAddress: 74.134.230.181
lastlocation:
  world: creative
  x: 241.88812115109192
  y: 69.0
  z: 13.789614149223281
  yaw: -81.69465
  pitch: 19.910376
logoutlocation:
  world: creative
  x: 145.94227839667002
  y: 256.6689247685386
  z: 321.5029659864543
  yaw: 342.61978
  pitch: -42.121555
